[
  430.31662,
  [
    [
      41.465954,
      56.54108
    ],
    [
      44.798485,
      59.565277
    ],
    [
      48.346825,
      62.101696
    ],
    [
      52.102,
      64.2539
    ],
    [
      55.991207,
      66.049614
    ],
    [
      60.055946,
      67.55021
    ],
    [
      64.24707,
      68.75938
    ],
    [
      68.51543,
      69.680786
    ],
    [
      72.81188,
      70.318115
    ],
    [
      77.08728,
      70.67503
    ],
    [
      81.399025,
      70.75367
    ],
    [
      85.789024,
      70.52725
    ],
    [
      90.074585,
      69.97223
    ],
    [
      94.26201,
      69.04648
    ],
    [
      98.38856,
      67.64371
    ],
    [
      102.23372,
      65.671295
    ],
    [
      105.58716,
      62.955772
    ],
    [
      107.981705,
      59.38267
    ],
    [
      108.873245,
      55.138367
    ],
    [
      108.20516,
      50.8282
    ],
    [
      106.50491,
      46.90734
    ],
    [
      104.10134,
      43.221703
    ],
    [
      101.32611,
      39.883427
    ],
    [
      98.30415,
      36.55168
    ],
    [
      95.533676,
      33.20219
    ],
    [
      92.939,
      29.677914
    ],
    [
      90.64989,
      26.082193
    ],
    [
      88.62859,
      22.24906
    ],
    [
      86.9809,
      18.194597
    ],
    [
      85.82335,
      14.008794
    ],
    [
      85.21749,
      9.765753
    ],
    [
      85.17591,
      5.4489074
    ],
    [
      85.6874,
      1.1123219
    ],
    [
      86.67385,
      -3.120781
    ],
    [
      88.02308,
      -7.2045317
    ],
    [
      89.67547,
      -11.241828
    ],
    [
      91.52478,
      -15.176997
    ],
    [
      93.49877,
      -19.02542
    ],
    [
      95.58171,
      -22.88011
    ],
    [
      97.68115,
      -26.669233
    ],
    [
      99.80157,
      -30.48313
    ],
    [
      101.86028,
      -34.2394
    ],
    [
      103.92536,
      -38.121334
    ],
    [
      105.874535,
      -41.949093
    ],
    [
      107.80337,
      -46.079945
    ],
    [
      108.78964,
      -50.237328
    ],
    [
      108.19649,
      -54.51154
    ],
    [
      105.84115,
      -58.14662
    ],
    [
      102.44594,
      -60.838993
    ],
    [
      98.583916,
      -62.822178
    ],
    [
      94.51872,
      -64.32126
    ],
    [
      90.32738,
      -65.492134
    ],
    [
      86.04022,
      -66.42585
    ],
    [
      81.760826,
      -67.16529
    ],
    [
      77.43349,
      -67.7642
    ],
    [
      73.11371,
      -68.24444
    ],
    [
      68.75657,
      -68.63288
    ],
    [
      64.38766,
      -68.9432
    ],
    [
      60.141747,
      -69.18211
    ],
    [
      55.7399,
      -69.3761
    ],
    [
      51.450188,
      -69.52236
    ],
    [
      47.0777,
      -69.63738
    ],
    [
      42.7018,
      -69.7276
    ],
    [
      38.42201,
      -69.80199
    ],
    [
      34.058365,
      -69.876755
    ],
    [
      29.746494,
      -69.96809
    ],
    [
      25.439638,
      -70.10846
    ],
    [
      21.119215,
      -70.37138
    ],
    [
      16.866045,
      -71.0641
    ],
    [
      14.688398,
      -68.95376
    ],
    [
      14.4153,
      -64.64276
    ],
    [
      14.385464,
      -60.388294
    ],
    [
      14.480751,
      -56.001774
    ],
    [
      14.657553,
      -51.734722
    ],
    [
      14.904846,
      -47.381424
    ],
    [
      15.208738,
      -43.038322
    ],
    [
      15.555865,
      -38.78512
    ],
    [
      15.965461,
      -34.35886
    ],
    [
      16.402985,
      -30.110085
    ],
    [
      16.89297,
      -25.776743
    ],
    [
      17.422007,
      -21.482006
    ],
    [
      17.993685,
      -17.195038
    ],
    [
      18.62255,
      -12.82409
    ],
    [
      19.275547,
      -8.603228
    ],
    [
      19.992762,
      -4.283013
    ],
    [
      20.763294,
      0.0420022
    ],
    [
      21.568,
      4.2546434
    ],
    [
      22.461237,
      8.611263
    ],
    [
      23.370409,
      12.739496
    ],
    [
      24.373667,
      16.975065
    ],
    [
      25.47855,
      21.291054
    ],
    [
      26.645836,
      25.493036
    ],
    [
      27.876186,
      29.56166
    ],
    [
      29.274725,
      33.778362
    ],
    [
      30.748188,
      37.792908
    ],
    [
      32.413315,
      41.847572
    ],
    [
      34.227753,
      45.733784
    ],
    [
      36.331028,
      49.605
    ],
    [
      38.687412,
      53.20523
    ],
    [
      41.684063,
      56.763832
    ]
  ]
]