[
  [
    [
      16.604216,
      -51.046825,
      0.0
    ],
    [
      12.296885,
      -50.999348,
      0.0
    ],
    [
      20.922213,
      -50.968548,
      0.0
    ],
    [
      25.129534,
      -50.80102,
      0.0
    ],
    [
      8.009526,
      -50.746407,
      0.0
    ],
    [
      29.480541,
      -50.50798,
      0.0
    ],
    [
      3.8174195,
      -50.122753,
      0.0
    ],
    [
      33.683556,
      -50.07043,
      0.0
    ],
    [
      37.969757,
      -49.403866,
      0.0
    ],
    [
      -0.070288494,
      -48.49762,
      0.0
    ],
    [
      42.120625,
      -48.437958,
      0.0
    ],
    [
      46.18384,
      -46.97713,
      0.0
    ],
    [
      49.881485,
      -44.763115,
      0.0
    ],
    [
      -0.47294143,
      -44.62239,
      0.0
    ],
    [
      52.7262,
      -41.588684,
      0.0
    ],
    [
      2.2260544,
      -41.28793,
      0.0
    ],
    [
      5.4587364,
      -38.41477,
      0.0
    ],
    [
      54.395596,
      -37.675404,
      0.0
    ],
    [
      8.814494,
      -35.77348,
      0.0
    ],
    [
      55.215645,
      -33.461502,
      0.0
    ],
    [
      12.220145,
      -33.23562,
      0.0
    ],
    [
      15.705086,
      -30.692451,
      0.0
    ],
    [
      55.696754,
      -29.255217,
      0.0
    ],
    [
      19.224945,
      -28.117891,
      0.0
    ],
    [
      22.657711,
      -25.551285,
      0.0
    ],
    [
      56.225555,
      -24.950802,
      0.0
    ],
    [
      26.02875,
      -22.924444,
      0.0
    ],
    [
      56.999676,
      -20.785028,
      0.0
    ],
    [
      29.286757,
      -20.217566,
      0.0
    ],
    [
      32.46813,
      -17.306293,
      0.0
    ],
    [
      58.166637,
      -16.670746,
      0.0
    ],
    [
      0.25440264,
      -16.052376,
      0.0
    ],
    [
      4.5156918,
      -16.046757,
      0.0
    ],
    [
      -4.0422883,
      -15.285627,
      0.0
    ],
    [
      8.678625,
      -15.070147,
      0.0
    ],
    [
      35.374107,
      -14.220555,
      0.0
    ],
    [
      -8.096658,
      -14.004433,
      0.0
    ],
    [
      12.433098,
      -13.088463,
      0.0
    ],
    [
      59.766003,
      -12.717243,
      0.0
    ],
    [
      -12.102562,
      -12.3081255,
      0.0
    ],
    [
      37.931763,
      -10.718972,
      0.0
    ],
    [
      -15.857786,
      -10.393878,
      0.0
    ],
    [
      15.691926,
      -10.264181,
      0.0
    ],
    [
      61.822342,
      -8.909465,
      0.0
    ],
    [
      -19.537561,
      -8.258628,
      0.0
    ],
    [
      18.41745,
      -6.9810505,
      0.0
    ],
    [
      39.575535,
      -6.831348,
      0.0
    ],
    [
      64.23166,
      -5.380682,
      0.0
    ],
    [
      -24.062492,
      -5.33642,
      0.0
    ],
    [
      20.839079,
      -3.4505463,
      0.0
    ],
    [
      -27.150908,
      -3.1827981,
      0.0
    ],
    [
      39.416702,
      -2.5654027,
      0.0
    ],
    [
      66.96523,
      -2.0759423,
      0.0
    ],
    [
      -30.792267,
      -0.42402112,
      0.0
    ],
    [
      23.219152,
      0.13105464,
      0.0
    ],
    [
      37.11732,
      0.95258725,
      0.0
    ],
    [
      37.061966,
      1.0070496,
      0.0
    ],
    [
      69.869804,
      1.1036997,
      0.0
    ],
    [
      -33.692158,
      2.0240579,
      0.0
    ],
    [
      25.978487,
      3.4058685,
      0.0
    ],
    [
      33.77433,
      3.7054672,
      0.0
    ],
    [
      72.459305,
      4.5074873,
      0.0
    ],
    [
      -36.781036,
      5.0467725,
      0.0
    ],
    [
      29.810633,
      5.0754313,
      0.0
    ],
    [
      -39.300953,
      8.159425,
      0.0
    ],
    [
      74.56527,
      8.2576275,
      0.0
    ],
    [
      -41.165802,
      11.648238,
      0.0
    ],
    [
      75.916374,
      12.365338,
      0.0
    ],
    [
      -41.759132,
      15.389299,
      0.0
    ],
    [
      76.172356,
      16.550776,
      0.0
    ],
    [
      -40.177303,
      19.539309,
      0.0
    ],
    [
      75.16142,
      20.710957,
      0.0
    ],
    [
      -36.94302,
      22.631937,
      0.0
    ],
    [
      72.99815,
      24.434929,
      0.0
    ],
    [
      -33.474125,
      24.713566,
      0.0
    ],
    [
      -29.400951,
      26.53092,
      0.0
    ],
    [
      70.10116,
      27.51949,
      0.0
    ],
    [
      -25.652096,
      27.87901,
      0.0
    ],
    [
      -21.578922,
      29.124865,
      0.0
    ],
    [
      66.64927,
      30.12855,
      0.0
    ],
    [
      -17.24091,
      30.283188,
      0.0
    ],
    [
      -12.83834,
      31.336561,
      0.0
    ],
    [
      -9.088379,
      32.165905,
      0.0
    ],
    [
      62.897884,
      32.27053,
      0.0
    ],
    [
      -5.3055925,
      32.95868,
      0.0
    ],
    [
      -0.6219747,
      33.901783,
      0.0
    ],
    [
      59.035732,
      33.994347,
      0.0
    ],
    [
      3.0800273,
      34.632748,
      0.0
    ],
    [
      55.02357,
      35.41171,
      0.0
    ],
    [
      7.786136,
      35.56432,
      0.0
    ],
    [
      11.418736,
      36.300785,
      0.0
    ],
    [
      50.901592,
      36.556374,
      0.0
    ],
    [
      16.86306,
      37.438248,
      0.0
    ],
    [
      46.703358,
      37.450867,
      0.0
    ],
    [
      21.085918,
      38.115044,
      0.0
    ],
    [
      42.382847,
      38.120205,
      0.0
    ],
    [
      38.19581,
      38.545868,
      0.0
    ],
    [
      25.28612,
      38.550354,
      0.0
    ],
    [
      33.837704,
      38.767067,
      0.0
    ],
    [
      29.640348,
      38.76953,
      0.0
    ]
  ],
  [
    99,
    97,
    98,
    98,
    97,
    88,
    97,
    90,
    88,
    96,
    88,
    93,
    96,
    98,
    88,
    96,
    93,
    95,
    93,
    88,
    91,
    97,
    94,
    90,
    94,
    92,
    90,
    90,
    89,
    88,
    89,
    87,
    88,
    88,
    87,
    61,
    83,
    61,
    71,
    83,
    88,
    61,
    83,
    71,
    76,
    71,
    61,
    67,
    88,
    83,
    86,
    83,
    76,
    79,
    76,
    71,
    73,
    71,
    67,
    69,
    67,
    61,
    65,
    87,
    63,
    61,
    82,
    77,
    63,
    77,
    70,
    63,
    85,
    82,
    63,
    82,
    80,
    77,
    77,
    74,
    70,
    70,
    66,
    63,
    87,
    85,
    63,
    85,
    84,
    82,
    82,
    81,
    80,
    80,
    78,
    77,
    77,
    75,
    74,
    74,
    72,
    70,
    70,
    68,
    66,
    66,
    64,
    63,
    63,
    60,
    61,
    61,
    60,
    52,
    61,
    52,
    57,
    60,
    56,
    52,
    56,
    55,
    52,
    55,
    51,
    52,
    52,
    51,
    47,
    51,
    46,
    47,
    47,
    46,
    43,
    46,
    40,
    43,
    43,
    40,
    38,
    40,
    35,
    38,
    38,
    35,
    30,
    35,
    29,
    30,
    30,
    29,
    27,
    29,
    28,
    27,
    28,
    26,
    27,
    27,
    26,
    25,
    26,
    24,
    25,
    25,
    24,
    22,
    24,
    23,
    22,
    23,
    21,
    22,
    22,
    21,
    19,
    21,
    20,
    19,
    20,
    1,
    19,
    20,
    13,
    1,
    20,
    16,
    13,
    13,
    6,
    1,
    20,
    18,
    16,
    16,
    15,
    13,
    13,
    9,
    6,
    6,
    4,
    1,
    19,
    1,
    2,
    14,
    2,
    8,
    14,
    19,
    2,
    14,
    8,
    11,
    8,
    2,
    5,
    19,
    14,
    17,
    14,
    11,
    12,
    11,
    8,
    10,
    8,
    5,
    7,
    5,
    2,
    3,
    2,
    1,
    0,
    64,
    62,
    63,
    63,
    62,
    59,
    62,
    33,
    59,
    58,
    44,
    33,
    58,
    50,
    44,
    44,
    39,
    33,
    62,
    58,
    33,
    58,
    53,
    50,
    50,
    48,
    44,
    44,
    41,
    39,
    39,
    36,
    33,
    59,
    33,
    54,
    54,
    33,
    32,
    45,
    54,
    32,
    45,
    32,
    37,
    54,
    45,
    49,
    45,
    37,
    42,
    37,
    32,
    34,
    33,
    31,
    32
  ],
  {
    "Rgba": {
      "red": 0.93333334,
      "green": 0.8901961,
      "blue": 0.90588236,
      "alpha": 1.0
    }
  }
]